# Created by Octave 5.1.0, Mon Jul 15 22:21:58 2019 GMT <unknown@Asus>
# name: meanInvT
# type: matrix
# rows: 4
# columns: 3
 0.011676190563725564 0.01118691666666671 0.034039686403508934
 0.0074875225916454036 0.01566853070175438 0.038966048245614004
 0.0079130833333333778 0.019842230263157942 0.043789745614035189
 0.0081658475033738499 0.02538438377192986 0.049742423245614231


# name: meanIterT
# type: matrix
# rows: 4
# columns: 3
 44.25 21 9.5
 45.75 38.75 17.5
 42.75 41.75 19.75
 70 59 26.25


# name: meanResidual
# type: matrix
# rows: 4
# columns: 3
 3.2547026030740875 2.0527212441570741 4.119972413412146
 13.79775672366517 11.157360859003633 16.361189662074032
 23.855740761305576 19.174377213036998 37.965742074182145
 54.165032219178116 40.037369589001308 68.868201427989845


# name: meanLossesPe
# type: matrix
# rows: 4
# columns: 3
 222.50717309183844 128.6834387791817 100.34601680657305
 219.73348315183085 131.25637184178265 100.60628857668685
 223.32242920122641 130.32174472548698 103.57635527958911
 228.00593075097746 135.22172004679936 98.555996206119957


# name: meanConvTime
# type: matrix
# rows: 4
# columns: 3
 0.51667143244485625 0.23492525000000089 0.32337702083333486
 0.34255415856777721 0.60715556469298226 0.68190584429824508
 0.3382843125000019 0.8284131134868441 0.86484747587719502
 0.57160932523616947 1.4976786425438617 1.3057386101973736


# name: LssP
# type: matrix
# rows: 1
# columns: 3
 220.64408308365327 129.20994965649365 100.20306396237947


